{"track_loss": [1.7076844579809618, 1.638898553500686, 1.5941984406364806, 1.572391937425305, 1.5602672865830685, 1.5312717406244647, 1.5116417095710042, 1.4955512488893061, 1.4773080759005015, 1.4612092064833586, 1.4478030020120747, 1.43363720653812, 1.4219231537642947, 1.4063272489773657, 1.396029804181944, 1.3864371947655645, 1.3750484247685566, 1.3687253848295278, 1.3623797586675657, 1.3555104705358691, 1.346534670892772, 1.338558282830449, 1.3341100465735434, 1.327621730693652, 1.3225011027212294, 1.3181268060940545, 1.3109951345143938, 1.3104101701858104, 1.304330064929971, 1.3033358412614444, 1.2982663388675872, 1.294011278956246, 1.2932025585196285, 1.2913534942683436, 1.2879266605833397, 1.2850698482474325, 1.2856345203851514, 1.2849997637755235, 1.282121176871732, 1.2840166015885686], "track_loss_val": [1.6716153892603787, 1.6531362674453043, 1.6151756286621093, 1.5932374607432973, 1.5507568987933071, 1.5347759821198204, 1.5214991331100465, 1.5125123717568136, 1.4596654642711986, 1.4378151470964604, 1.4417745080861177, 1.4342181585051796, 1.4133553234013645, 1.3902198856527155, 1.3997058207338506, 1.381878300146623, 1.3850505731322549, 1.3872142900120128, 1.3583463148637251, 1.3708227135918356, 1.3445709412748164, 1.3485331015153366, 1.3368779247457332, 1.3390455787832087, 1.3320660341869701, 1.3398296226154673, 1.3207440062002702, 1.3305534655397588, 1.3149540250951595, 1.3166823723099448, 1.3112443642182783, 1.3173454501412132, 1.3124169566414572, 1.3079767086289145, 1.3025514646009966, 1.3075994058088822, 1.3091534733772279, 1.3114296902309766, 1.3091067877682772, 1.3095651399005543], "min_votes": 5, "augmentation": false, "data_type": "eeg_spec", "num_parameters": 1092454, "num_trainable_parameters": 1092454, "configs": {"n_epochs": 40, "path_model_out": "C:/Users/Amy/Desktop/Green_Git/eegClassification/models/model_CustomCNN_eeg_small_12.pt", "learning_rate": [0.0002, 0.00063, 0.00106, 0.00149, 0.00192, 0.0019169032292681706, 0.0019076330008192066, 0.0018922494356418797, 0.001870852302059524, 0.0018435803686941772, 0.0018106105044988154, 0.0017721565316943242, 0.0017284678390503438, 0.0016798277645034016, 0.0016265517576016675, 0.0015689853336935855, 0.001507501833128254, 0.0014425, 0.0013744013961399168, 0.0013036476671256217, 0.0012306976780402125, 0.0011560245375561225, 0.0010801125296438334, 0.0010034539728044915, 0.0009265460271955086, 0.0008498874703561665, 0.000773975462443878, 0.000699302321959788, 0.0006263523328743787, 0.0005555986038600832, 0.0004874999999999998, 0.00042249816687174634, 0.0003610146663064148, 0.00030344824239833263, 0.0002501722354965987, 0.00020153216094965658, 0.00015784346830567615, 0.00011938949550118464, 8.641963130582286e-05, 5.9147697940476065e-05], "label_smoothing": 0}, "test_loss": 1.7066705764033074, "test_loss_baseline": 1.7917594909667969, "confusion_matrix": [[0, 547, 1261, 156, 220, 1996], [0, 538, 532, 165, 91, 1080], [0, 439, 3229, 80, 64, 987], [0, 572, 340, 328, 398, 1399], [0, 379, 659, 483, 590, 1659], [0, 474, 415, 206, 232, 2468]], "confusion_matrix_p": [[0.0, 0.13086124401913876, 0.3016746411483254, 0.03732057416267943, 0.05263157894736842, 0.47751196172248805], [0.0, 0.22360764754779716, 0.22111388196176227, 0.0685785536159601, 0.037822111388196175, 0.4488778054862843], [0.0, 0.09147739112315066, 0.6728485101062721, 0.016670139612419255, 0.013336111689935403, 0.20566784746822256], [0.0, 0.18834376028975963, 0.11195258478761937, 0.1080013170892328, 0.13105037866315442, 0.46065195917023377], [0.0, 0.10053050397877984, 0.17480106100795756, 0.12811671087533155, 0.15649867374005305, 0.440053050397878], [0.0, 0.12490118577075099, 0.10935441370223979, 0.054281949934123844, 0.061133069828722006, 0.6503293807641634]]}