{
    "track_loss": [
        1.3410249633506652,
        1.1058664844628077,
        0.9176866937606916,
        0.7844600138468731,
        0.6959654098219643,
        0.6222740077755174,
        0.569743376929559,
        0.5302872763679348,
        0.4990325966565647,
        0.46743303727451924,
        0.44806870288620776,
        0.42135143259663244,
        0.4086496545540716,
        0.3882379589564165,
        0.37138347426145113,
        0.3605056143363679,
        0.34724238888277825,
        0.3410808051297768,
        0.3286035899285032,
        0.3208351869789506,
        0.30297959597615826,
        0.2971525471275651,
        0.29143530381567656,
        0.2828316140351371,
        0.2778032896934175,
        0.2710004865715878,
        0.2592459862080142,
        0.2551837902609471,
        0.25475643553128274,
        0.24782892652619673,
        0.24478523153175255,
        0.2397150889310587,
        0.234574245412013,
        0.22870674257533696,
        0.22996747839966777,
        0.22707608963335293,
        0.22289531681355693,
        0.2204681209761624,
        0.2217862624717465,
        0.21778242035444342
    ],
    "track_loss_val": [
        1.2828383402390913,
        1.032263600284403,
        0.8364334664561531,
        0.7162121160463853,
        0.6214359622110021,
        0.5588578711856496,
        0.506932530078021,
        0.4672173524444753,
        0.49011629792776973,
        0.43850942606275733,
        0.40554254949092866,
        0.37896572134711526,
        0.38000082712281835,
        0.3340552025220611,
        0.33313855691389604,
        0.31031929606741127,
        0.32988687442107634,
        0.298645741018382,
        0.29231052805076946,
        0.2908897985111583,
        0.28361175845969805,
        0.2653506432067264,
        0.26680651632222263,
        0.2654013097286224,
        0.25544851584868,
        0.2534311298619617,
        0.2579482751813802,
        0.2461298028176481,
        0.26351523968306456,
        0.24181546067649667,
        0.2444657501849261,
        0.24537489265203477,
        0.2383878707885742,
        0.2368002252145247,
        0.23230909637429498,
        0.23477064100178804,
        0.23629506718028676,
        0.23331970586018128,
        0.22979524650356986,
        0.23402737473899668
    ],
    "min_votes": 5,
    "augmentation": false,
    "data_type": "eeg_spec",
    "num_parameters": 1092898,
    "num_trainable_parameters": 1092898,
    "configs": {
        "n_epochs": 40,
        "path_model_out": "C:/Users/Amy/Desktop/Green_Git/eegClassification/models/model_CustomCNN_eeg_5.pt",
        "learning_rate": [
            0.0002,
            0.00063,
            0.00106,
            0.00149,
            0.00192,
            0.0019169032292681706,
            0.0019076330008192066,
            0.0018922494356418797,
            0.001870852302059524,
            0.0018435803686941772,
            0.0018106105044988154,
            0.0017721565316943242,
            0.0017284678390503438,
            0.0016798277645034016,
            0.0016265517576016675,
            0.0015689853336935855,
            0.001507501833128254,
            0.0014425,
            0.0013744013961399168,
            0.0013036476671256217,
            0.0012306976780402125,
            0.0011560245375561225,
            0.0010801125296438334,
            0.0010034539728044915,
            0.0009265460271955086,
            0.0008498874703561665,
            0.000773975462443878,
            0.000699302321959788,
            0.0006263523328743787,
            0.0005555986038600832,
            0.0004874999999999998,
            0.00042249816687174634,
            0.0003610146663064148,
            0.00030344824239833263,
            0.0002501722354965987,
            0.00020153216094965658,
            0.00015784346830567615,
            0.00011938949550118464,
            8.641963130582286e-05,
            5.9147697940476065e-05
        ],
        "label_smoothing": 0.01
    },
    "test_loss": 1.727175667275523,
    "confusion_matrix": [
        [
            949,
            433,
            555,
            44,
            57,
            2142
        ],
        [
            34,
            480,
            408,
            27,
            25,
            1432
        ],
        [
            271,
            442,
            2177,
            11,
            17,
            1881
        ],
        [
            39,
            301,
            138,
            80,
            114,
            2365
        ],
        [
            85,
            308,
            463,
            57,
            294,
            2563
        ],
        [
            54,
            326,
            242,
            57,
            81,
            3035
        ]
    ],
    "confusion_matrix_p": [
        [
            0.2270334928229665,
            0.10358851674641148,
            0.13277511961722488,
            0.010526315789473684,
            0.013636363636363636,
            0.5124401913875598
        ],
        [
            0.014131338320864505,
            0.19950124688279303,
            0.16957605985037408,
            0.011221945137157107,
            0.010390689941812137,
            0.5951787198669992
        ],
        [
            0.056470097937070224,
            0.09210252135861638,
            0.45363617420295893,
            0.0022921441967076474,
            0.0035424046676390914,
            0.3919566576370077
        ],
        [
            0.012841620019756339,
            0.09911096476786302,
            0.04543957853144551,
            0.026341784655910437,
            0.037537043134672377,
            0.7787290088903523
        ],
        [
            0.022546419098143235,
            0.08169761273209548,
            0.12281167108753316,
            0.015119363395225464,
            0.0779840848806366,
            0.6798408488063661
        ],
        [
            0.014229249011857707,
            0.08590250329380764,
            0.06376811594202898,
            0.015019762845849802,
            0.021343873517786563,
            0.7997364953886693
        ]
    ]
}