{
    "track_loss": [
        0.9523426424588589,
        0.7895790618494534,
        0.682634751077181,
        0.6129025307994128,
        0.5684795230486084,
        0.5248669277922433,
        0.493115201183615,
        0.4702461358783599,
        0.45273456084581626,
        0.4394227588018834,
        0.42655365111248156,
        0.4145737323934669,
        0.4055516094166711,
        0.3955542723328411,
        0.3874277545521591,
        0.3786936213131095,
        0.37436048741484995,
        0.36437485885146437,
        0.3584846697726561,
        0.35515306732117735,
        0.34856333196614303,
        0.34393516677725167,
        0.33672274365781496,
        0.3302710924012095,
        0.3275490975396861,
        0.3222686970076024,
        0.3173941055219356,
        0.31323636780680636,
        0.30931050276124716,
        0.3070015613070725,
        0.30400845504303303,
        0.297512164531503,
        0.29510167248145297,
        0.2958390600944084,
        0.2912776939070439,
        0.2898940584686644,
        0.28708561617694267,
        0.2868631649603794,
        0.28518821245505205,
        0.2843480617118085
    ],
    "track_loss_val": [
        0.9072676899298182,
        0.730944975142209,
        0.6245396636567025,
        0.5674471399694119,
        0.5031193649993753,
        0.47013840427938497,
        0.45485261611218725,
        0.4375976325206037,
        0.4266643157545126,
        0.41923402761513334,
        0.4200594097938178,
        0.39488946536801894,
        0.3904890627231238,
        0.40970647976083574,
        0.368691556464951,
        0.35223191487339306,
        0.36453900376580795,
        0.36421901330632983,
        0.36159966565528007,
        0.3308185113488503,
        0.36816260016189434,
        0.35490222050333925,
        0.3209798753261566,
        0.3220680678228162,
        0.33727076570942716,
        0.318374739165576,
        0.31812799342398373,
        0.31101222375653825,
        0.30854092088510404,
        0.30304547092824613,
        0.29898784638575787,
        0.2999872381394764,
        0.2967207021870703,
        0.2959202766980765,
        0.28870194790498266,
        0.2881752737288205,
        0.2846780595352065,
        0.2866503304468011,
        0.283260142015961,
        0.28270129713247405
    ],
    "min_votes": 0,
    "augmentation": false,
    "data_type": "eeg_spec",
    "num_parameters": 1092898,
    "num_trainable_parameters": 1092898,
    "configs": {
        "n_epochs": 40,
        "path_model_out": "C:/Users/Amy/Desktop/Green_Git/eegClassification/models/model_CustomCNN_eeg_0.pt",
        "learning_rate": [
            0.0002,
            0.00063,
            0.00106,
            0.00149,
            0.00192,
            0.0019169032292681706,
            0.0019076330008192066,
            0.0018922494356418797,
            0.001870852302059524,
            0.0018435803686941772,
            0.0018106105044988154,
            0.0017721565316943242,
            0.0017284678390503438,
            0.0016798277645034016,
            0.0016265517576016675,
            0.0015689853336935855,
            0.001507501833128254,
            0.0014425,
            0.0013744013961399168,
            0.0013036476671256217,
            0.0012306976780402125,
            0.0011560245375561225,
            0.0010801125296438334,
            0.0010034539728044915,
            0.0009265460271955086,
            0.0008498874703561665,
            0.000773975462443878,
            0.000699302321959788,
            0.0006263523328743787,
            0.0005555986038600832,
            0.0004874999999999998,
            0.00042249816687174634,
            0.0003610146663064148,
            0.00030344824239833263,
            0.0002501722354965987,
            0.00020153216094965658,
            0.00015784346830567615,
            0.00011938949550118464,
            8.641963130582286e-05,
            5.9147697940476065e-05
        ],
        "label_smoothing": 0
    },
    "test_loss": 1.002455677144056,
    "confusion_matrix": [
        [
            2635,
            172,
            370,
            84,
            215,
            704
        ],
        [
            304,
            445,
            524,
            87,
            263,
            783
        ],
        [
            1177,
            354,
            2248,
            51,
            230,
            739
        ],
        [
            525,
            226,
            164,
            264,
            946,
            912
        ],
        [
            507,
            238,
            400,
            282,
            1320,
            1023
        ],
        [
            635,
            310,
            344,
            131,
            472,
            1903
        ]
    ],
    "confusion_matrix_p": [
        [
            0.6303827751196173,
            0.04114832535885168,
            0.08851674641148326,
            0.020095693779904306,
            0.05143540669856459,
            0.16842105263157894
        ],
        [
            0.12635078969243557,
            0.18495428096425603,
            0.21778886118038238,
            0.03615960099750624,
            0.10931005818786367,
            0.3254364089775561
        ],
        [
            0.24525942904771827,
            0.0737653677849552,
            0.46843092310898105,
            0.010627214002917275,
            0.04792665138570536,
            0.15399041466972285
        ],
        [
            0.17286796180441225,
            0.07441554165294699,
            0.0540006585446164,
            0.08692788936450445,
            0.3114916035561409,
            0.300296345077379
        ],
        [
            0.13448275862068965,
            0.06312997347480107,
            0.10610079575596817,
            0.07480106100795755,
            0.35013262599469497,
            0.2713527851458886
        ],
        [
            0.1673254281949934,
            0.08168642951251646,
            0.0906455862977602,
            0.034519104084321475,
            0.12437417654808959,
            0.5014492753623189
        ]
    ]
}