{"track_loss": [1.7163824772656853, 1.6373645618780335, 1.5689099648995186, 1.5463713818966454, 1.5215234754245672, 1.4927805046092217, 1.4706493028953893, 1.4466550436927312, 1.423018956139906, 1.3998129465686742, 1.3827572193608355, 1.3676465609625204, 1.3564883410485822, 1.3472002095250941, 1.3382817831502032, 1.3249361806396227, 1.3197273789946713, 1.315353855268279, 1.3066305662713833, 1.3005702139726325, 1.2936595300240303, 1.2888944182378144, 1.2854426901287108, 1.2808264787517376, 1.2743234601038604, 1.2722771975086695, 1.2662730434937264, 1.2655867224753792, 1.26049329095812, 1.2560339463290884, 1.2533530370513004, 1.2508306354284286, 1.2493913142538782, 1.2486015431471724, 1.2455750510318955, 1.2441363877324916, 1.2422036900004345, 1.2413223230127077, 1.2397434048688234, 1.2411448733130497], "track_loss_val": [1.6951587867380968, 1.5786845488334769, 1.554897109074379, 1.5144494531759576, 1.4828533494650429, 1.471524130052595, 1.4398548834359468, 1.4118309225609054, 1.3816932715586763, 1.3692536638743842, 1.3554290559754443, 1.3473790163424477, 1.3393116130757687, 1.3234994366987427, 1.3166452993207902, 1.300851354848093, 1.2917919657123622, 1.2896916368114415, 1.285076095986722, 1.276590599942563, 1.277360256038495, 1.2766719335940346, 1.2700156444933877, 1.2644568219113705, 1.2563206900411577, 1.2555303715947848, 1.2484588560773366, 1.2534851707629304, 1.2481721257095906, 1.2449944570882996, 1.2454968948862446, 1.2426164114653175, 1.2416909683996171, 1.240194901601592, 1.2412438259195926, 1.2376545587582375, 1.2402858992121113, 1.2406526332470909, 1.2422577996752155, 1.2397834311670333], "min_votes": 5, "augmentation": true, "data_type": "eeg_spec", "num_parameters": 1092454, "num_trainable_parameters": 1092454, "configs": {"n_epochs": 40, "path_model_out": "C:/Users/Amy/Desktop/Green_Git/eegClassification/models/model_CustomCNN_eeg_small_14.pt", "learning_rate": [0.0002, 0.00063, 0.00106, 0.00149, 0.00192, 0.0019169032292681706, 0.0019076330008192066, 0.0018922494356418797, 0.001870852302059524, 0.0018435803686941772, 0.0018106105044988154, 0.0017721565316943242, 0.0017284678390503438, 0.0016798277645034016, 0.0016265517576016675, 0.0015689853336935855, 0.001507501833128254, 0.0014425, 0.0013744013961399168, 0.0013036476671256217, 0.0012306976780402125, 0.0011560245375561225, 0.0010801125296438334, 0.0010034539728044915, 0.0009265460271955086, 0.0008498874703561665, 0.000773975462443878, 0.000699302321959788, 0.0006263523328743787, 0.0005555986038600832, 0.0004874999999999998, 0.00042249816687174634, 0.0003610146663064148, 0.00030344824239833263, 0.0002501722354965987, 0.00020153216094965658, 0.00015784346830567615, 0.00011938949550118464, 8.641963130582286e-05, 5.9147697940476065e-05], "label_smoothing": 0}, "test_loss": 1.6538335310165273, "test_loss_baseline": 1.7917594909667969, "confusion_matrix": [[1166, 315, 866, 234, 97, 1502], [34, 505, 543, 128, 65, 1131], [51, 419, 3007, 74, 106, 1142], [6, 485, 266, 679, 130, 1471], [82, 519, 576, 496, 462, 1635], [117, 393, 374, 175, 171, 2565]], "confusion_matrix_p": [[0.2789473684210526, 0.07535885167464115, 0.20717703349282296, 0.05598086124401914, 0.023205741626794257, 0.35933014354066983], [0.014131338320864505, 0.20989193682460516, 0.2256857855361596, 0.05320033250207814, 0.027015793848711556, 0.470074812967581], [0.010627214002917275, 0.08730985622004585, 0.6265888726818087, 0.01541987914148781, 0.02208793498645551, 0.23796624296728486], [0.001975633849193283, 0.15969706947645704, 0.08758643398090221, 0.22357589726703983, 0.04280540006585446, 0.4843595653605532], [0.021750663129973476, 0.1376657824933687, 0.15278514588859415, 0.13156498673740052, 0.12254641909814323, 0.4336870026525199], [0.0308300395256917, 0.10355731225296443, 0.09855072463768116, 0.0461133069828722, 0.045059288537549404, 0.6758893280632411]]}