{
    "track_loss": [
        1.3608652073055951,
        1.200132993731036,
        1.0622884097383982,
        0.9419074235345001,
        0.8214107695132938,
        0.7129982071025158,
        0.6496301227207504,
        0.5982460213908508,
        0.5641907607552721,
        0.5271557762996474,
        0.4999730520283998,
        0.47654180601239204,
        0.4548611091866867,
        0.44338808770277605,
        0.4216593920406121,
        0.4133650400300524,
        0.4018465857952833,
        0.38672102448433193,
        0.38022434427889423,
        0.3654955115391692,
        0.35323809048355514,
        0.35101753017350806,
        0.34216963410822315,
        0.33134658050848476,
        0.32683731104010966,
        0.32546983217236714,
        0.3166187186794939,
        0.30811751255793357,
        0.304084896513108,
        0.30511710370209677,
        0.29428605571277994,
        0.2905189919549583,
        0.2873230062202731,
        0.28365259308979585,
        0.2815789856961859,
        0.27869247186428575,
        0.274410488222962,
        0.275805425399275,
        0.27128242843075473,
        0.26779228365465774
    ],
    "track_loss_val": [
        1.3536270394254086,
        1.194331548107204,
        1.1224404110837338,
        0.9721262414953602,
        0.7808508192425343,
        0.7329756230560701,
        0.7037161628701794,
        0.5692575249209333,
        0.5164946228710573,
        0.4760237009222828,
        0.5469547988318685,
        0.5111235406861376,
        0.46604149577332965,
        0.45672321897834095,
        0.38976526493901636,
        0.38929975144009094,
        0.38237149846642765,
        0.41759381810230994,
        0.3746022275134699,
        0.3789203661813665,
        0.3474439988607791,
        0.32754934612494796,
        0.34146717602192467,
        0.3353072188016194,
        0.32481677407649023,
        0.3324889846479715,
        0.28810714863574327,
        0.3217255108392061,
        0.3516184228347309,
        0.3175391305738421,
        0.3113843730803746,
        0.2992488372681746,
        0.30371601423665656,
        0.3081468615069318,
        0.3133288716424757,
        0.3092273693920961,
        0.3009737883485965,
        0.31980709086603193,
        0.297449467453494,
        0.2978376905197528
    ],
    "min_votes": 5,
    "augmentation": true,
    "data_type": "eeg_spec",
    "num_parameters": 1092454,
    "num_trainable_parameters": 1092454,
    "configs": {
        "n_epochs": 40,
        "path_model_out": "C:/Users/Amy/Desktop/Green_Git/eegClassification/models/model_CustomCNN_eeg_small_7.pt",
        "learning_rate": [
            0.0002,
            0.00063,
            0.00106,
            0.00149,
            0.00192,
            0.0019169032292681706,
            0.0019076330008192066,
            0.0018922494356418797,
            0.001870852302059524,
            0.0018435803686941772,
            0.0018106105044988154,
            0.0017721565316943242,
            0.0017284678390503438,
            0.0016798277645034016,
            0.0016265517576016675,
            0.0015689853336935855,
            0.001507501833128254,
            0.0014425,
            0.0013744013961399168,
            0.0013036476671256217,
            0.0012306976780402125,
            0.0011560245375561225,
            0.0010801125296438334,
            0.0010034539728044915,
            0.0009265460271955086,
            0.0008498874703561665,
            0.000773975462443878,
            0.000699302321959788,
            0.0006263523328743787,
            0.0005555986038600832,
            0.0004874999999999998,
            0.00042249816687174634,
            0.0003610146663064148,
            0.00030344824239833263,
            0.0002501722354965987,
            0.00020153216094965658,
            0.00015784346830567615,
            0.00011938949550118464,
            8.641963130582286e-05,
            5.9147697940476065e-05
        ],
        "label_smoothing": 0.01
    },
    "test_loss": 1.6174062752099925,
    "test_loss_baseline": 1.0842595902639767,
    "confusion_matrix": [
        [
            1190,
            536,
            566,
            138,
            55,
            1695
        ],
        [
            71,
            356,
            412,
            110,
            82,
            1375
        ],
        [
            173,
            401,
            1754,
            31,
            61,
            2379
        ],
        [
            35,
            705,
            253,
            204,
            97,
            1743
        ],
        [
            67,
            430,
            304,
            214,
            323,
            2432
        ],
        [
            114,
            425,
            234,
            123,
            143,
            2756
        ]
    ],
    "confusion_matrix_p": [
        [
            0.284688995215311,
            0.12822966507177033,
            0.1354066985645933,
            0.03301435406698565,
            0.013157894736842105,
            0.4055023923444976
        ],
        [
            0.029509559434746466,
            0.1479634247714048,
            0.171238570241064,
            0.0457190357439734,
            0.03408146300914381,
            0.5714879467996675
        ],
        [
            0.036049176911856634,
            0.08355907480725151,
            0.36549281100229214,
            0.006459679099812461,
            0.012710981454469682,
            0.4957282767243176
        ],
        [
            0.011524530786960816,
            0.23213697728021074,
            0.08330589397431676,
            0.06717155087257162,
            0.0319394138952914,
            0.5739216331906487
        ],
        [
            0.017771883289124667,
            0.11405835543766578,
            0.08063660477453581,
            0.05676392572944297,
            0.0856763925729443,
            0.6450928381962865
        ],
        [
            0.030039525691699605,
            0.11198945981554677,
            0.0616600790513834,
            0.03241106719367589,
            0.03768115942028986,
            0.7262187088274045
        ]
    ]
}