{
    "track_loss": [
        1.7027424400215907,
        1.6218420982135278,
        1.560811349098256,
        1.5183316795128974,
        1.4805577373098628,
        1.4462787011037375,
        1.4264980227516413,
        1.4073391533619746,
        1.3965550090416265,
        1.387122045740725,
        1.3799518276862413,
        1.36951789104837,
        1.3651414591970596,
        1.3606427824485945,
        1.3524707166677166,
        1.3479977363443871,
        1.3436831526860045,
        1.3386328811338744,
        1.33253693659574,
        1.328749138900663,
        1.325821531078335,
        1.323486404590372,
        1.3179727132972276,
        1.3160321136184085,
        1.3113363417343025,
        1.3084971490849158,
        1.303218246972437,
        1.300589478906868,
        1.2988943099524464,
        1.293662342353034,
        1.2912325331255752,
        1.286966406633635,
        1.2864020215867258,
        1.2840655929318214,
        1.28024988018801,
        1.278844088231378,
        1.2781427539285897,
        1.2760179127401752,
        1.2747601136466524,
        1.2747909885143038
    ],
    "track_loss_val": [
        1.7098519590665708,
        1.6172959345691609,
        1.5713430283204564,
        1.4921037628965559,
        1.435165995022036,
        1.4244148186917576,
        1.398392466779025,
        1.4025592992890556,
        1.3751075686148877,
        1.362769912773708,
        1.3569691055225876,
        1.3476982719493362,
        1.3301277731949428,
        1.3317351494195326,
        1.3289538752357914,
        1.3278182011730266,
        1.321687945329918,
        1.3156961809914067,
        1.3219501265939677,
        1.311398276742899,
        1.3092322318059093,
        1.2991006257399074,
        1.3029937118854162,
        1.3014090389575599,
        1.2907765721375088,
        1.290368234436467,
        1.2908288316906622,
        1.284035288162951,
        1.2855387822637019,
        1.2814630535413634,
        1.281398177596758,
        1.2807864953886787,
        1.2742708044232063,
        1.2755453941957007,
        1.2749409189764058,
        1.2738176489776036,
        1.2739924732244239,
        1.273305482234595,
        1.2728161227028325,
        1.2725842075527838
    ],
    "min_votes": 0,
    "augmentation": false,
    "data_type": "eeg_spec",
    "num_parameters": 1092454,
    "num_trainable_parameters": 1092454,
    "configs": {
        "n_epochs": 40,
        "path_model_out": "C:/Users/Amy/Desktop/Green_Git/eegClassification/models/model_CustomCNN_eeg_small_9.pt",
        "learning_rate": [
            0.0002,
            0.00063,
            0.00106,
            0.00149,
            0.00192,
            0.0019169032292681706,
            0.0019076330008192066,
            0.0018922494356418797,
            0.001870852302059524,
            0.0018435803686941772,
            0.0018106105044988154,
            0.0017721565316943242,
            0.0017284678390503438,
            0.0016798277645034016,
            0.0016265517576016675,
            0.0015689853336935855,
            0.001507501833128254,
            0.0014425,
            0.0013744013961399168,
            0.0013036476671256217,
            0.0012306976780402125,
            0.0011560245375561225,
            0.0010801125296438334,
            0.0010034539728044915,
            0.0009265460271955086,
            0.0008498874703561665,
            0.000773975462443878,
            0.000699302321959788,
            0.0006263523328743787,
            0.0005555986038600832,
            0.0004874999999999998,
            0.00042249816687174634,
            0.0003610146663064148,
            0.00030344824239833263,
            0.0002501722354965987,
            0.00020153216094965658,
            0.00015784346830567615,
            0.00011938949550118464,
            8.641963130582286e-05,
            5.9147697940476065e-05
        ],
        "label_smoothing": 0.01
    },
    "test_loss": 1.655572781382605,
    "test_loss_baseline": 1.7917594909667969,
    "confusion_matrix": [
        [
            2460,
            155,
            431,
            106,
            309,
            719
        ],
        [
            468,
            248,
            426,
            158,
            315,
            791
        ],
        [
            825,
            367,
            1937,
            71,
            368,
            1231
        ],
        [
            713,
            123,
            155,
            313,
            959,
            774
        ],
        [
            615,
            181,
            605,
            223,
            1600,
            546
        ],
        [
            645,
            246,
            319,
            195,
            610,
            1780
        ]
    ],
    "confusion_matrix_p": [
        [
            0.5885167464114832,
            0.03708133971291866,
            0.10311004784688996,
            0.025358851674641147,
            0.07392344497607656,
            0.17200956937799042
        ],
        [
            0.19451371571072318,
            0.10307564422277639,
            0.1770573566084788,
            0.0656691604322527,
            0.13092269326683292,
            0.328761429758936
        ],
        [
            0.17191081475307357,
            0.07647426547197332,
            0.40362575536570117,
            0.014794748906022087,
            0.07668264221712857,
            0.25651177328610125
        ],
        [
            0.2347711557458018,
            0.0405004939084623,
            0.05103720777082647,
            0.10306223246624958,
            0.31577214356272637,
            0.2548567665459335
        ],
        [
            0.16312997347480107,
            0.0480106100795756,
            0.16047745358090185,
            0.059151193633952256,
            0.4244031830238727,
            0.14482758620689656
        ],
        [
            0.16996047430830039,
            0.06482213438735178,
            0.08405797101449275,
            0.05138339920948617,
            0.16073781291172595,
            0.46903820816864294
        ]
    ]
}