{
    "track_loss": [
        1.7145113457794334,
        1.6662769004096372,
        1.6213220991722908,
        1.5649658866727139,
        1.5193606010561522,
        1.4801410998278557,
        1.447109811240587,
        1.429898137062816,
        1.4139647772544492,
        1.4026652396345545,
        1.3914039058288314,
        1.3838872826088118,
        1.3768394304652651,
        1.3716509787677704,
        1.3631666675421463,
        1.357326243548542,
        1.3537066158756628,
        1.3450255858638767,
        1.3451033032154744,
        1.3379672790543584,
        1.335063557976693,
        1.3288896418790719,
        1.3250054604847024,
        1.321303531710788,
        1.3191595824123443,
        1.3144877974222375,
        1.312405443574983,
        1.3071310607013324,
        1.304468869035156,
        1.3023258957416242,
        1.2999668826217796,
        1.295724656633758,
        1.2945188640307568,
        1.2922072186149733,
        1.2907220115048093,
        1.2911438340833983,
        1.2904075276998268,
        1.2863714731066658,
        1.2873897473543685,
        1.2845646283935577
    ],
    "track_loss_val": [
        1.6866847906472549,
        1.6508662426246787,
        1.5884872760412827,
        1.5212080267240415,
        1.4830809620191465,
        1.434125101791238,
        1.4230641594472921,
        1.4018437498020675,
        1.3864497063294896,
        1.3790130808668317,
        1.3734678457368095,
        1.374706271909318,
        1.3643744909538413,
        1.3555917924305179,
        1.3432692446798649,
        1.3529666878142448,
        1.3519314891887162,
        1.333163126909508,
        1.3252293226853857,
        1.3228299311871798,
        1.3361670390614924,
        1.3202498202054005,
        1.3253155438405162,
        1.3142520085820613,
        1.3097045866948254,
        1.3054816007614136,
        1.314669601872282,
        1.319065835790814,
        1.3184134010998707,
        1.3053177050824436,
        1.3082840402171296,
        1.3015454967066926,
        1.3000482316287059,
        1.3053778684364175,
        1.2977247269648426,
        1.2978269491555556,
        1.2921779704543779,
        1.2951910059407072,
        1.2944046150963262,
        1.2960737322861293
    ],
    "min_votes": 0,
    "augmentation": false,
    "data_type": "eeg_spec",
    "num_parameters": 1092454,
    "num_trainable_parameters": 1092454,
    "configs": {
        "n_epochs": 40,
        "path_model_out": "C:/Users/Amy/Desktop/Green_Git/eegClassification/models/model_CustomCNN_eeg_small_8.pt",
        "learning_rate": [
            0.0002,
            0.00063,
            0.00106,
            0.00149,
            0.00192,
            0.0019169032292681706,
            0.0019076330008192066,
            0.0018922494356418797,
            0.001870852302059524,
            0.0018435803686941772,
            0.0018106105044988154,
            0.0017721565316943242,
            0.0017284678390503438,
            0.0016798277645034016,
            0.0016265517576016675,
            0.0015689853336935855,
            0.001507501833128254,
            0.0014425,
            0.0013744013961399168,
            0.0013036476671256217,
            0.0012306976780402125,
            0.0011560245375561225,
            0.0010801125296438334,
            0.0010034539728044915,
            0.0009265460271955086,
            0.0008498874703561665,
            0.000773975462443878,
            0.000699302321959788,
            0.0006263523328743787,
            0.0005555986038600832,
            0.0004874999999999998,
            0.00042249816687174634,
            0.0003610146663064148,
            0.00030344824239833263,
            0.0002501722354965987,
            0.00020153216094965658,
            0.00015784346830567615,
            0.00011938949550118464,
            8.641963130582286e-05,
            5.9147697940476065e-05
        ],
        "label_smoothing": 0
    },
    "test_loss": 1.6842003163210182,
    "test_loss_baseline": 1.7917594909667969,
    "confusion_matrix": [
        [
            2313,
            233,
            385,
            266,
            296,
            687
        ],
        [
            290,
            588,
            171,
            308,
            465,
            584
        ],
        [
            1864,
            411,
            1258,
            200,
            375,
            691
        ],
        [
            336,
            256,
            177,
            439,
            813,
            1016
        ],
        [
            373,
            196,
            136,
            729,
            1423,
            913
        ],
        [
            589,
            358,
            213,
            372,
            599,
            1664
        ]
    ],
    "confusion_matrix_p": [
        [
            0.5533492822966507,
            0.05574162679425837,
            0.09210526315789473,
            0.06363636363636363,
            0.0708133971291866,
            0.16435406698564595
        ],
        [
            0.12053200332502079,
            0.24438902743142144,
            0.07107231920199501,
            0.12801330008312553,
            0.19326683291770574,
            0.2427265170407315
        ],
        [
            0.3884142529693686,
            0.08564284225880392,
            0.2621379454052928,
            0.04167534903104814,
            0.07814127943321525,
            0.1439883309022713
        ],
        [
            0.11063549555482384,
            0.0842937108989134,
            0.05828119855120185,
            0.14455054329930853,
            0.26769838656568984,
            0.3345406651300626
        ],
        [
            0.09893899204244032,
            0.0519893899204244,
            0.03607427055702918,
            0.193368700265252,
            0.37745358090185677,
            0.24217506631299734
        ],
        [
            0.1552042160737813,
            0.09433465085638999,
            0.05612648221343874,
            0.09802371541501977,
            0.15783926218708827,
            0.43847167325428194
        ]
    ]
}