{"track_loss": [1.6725615403837704, 1.5802342688144113, 1.529802084742087, 1.5023697367319113, 1.4794785676668976, 1.4522293343152368, 1.4337968126325855, 1.4199110745353039, 1.4070968420945258, 1.3974533448645292, 1.3869499636314788, 1.381027059613456, 1.3756155165540382, 1.3674158575040118, 1.359944382301325, 1.3577491823122205, 1.353990720311228, 1.3483779881289095, 1.3436642375906194, 1.340307137378698, 1.3359634569639431, 1.333728726556047, 1.3293514654512708, 1.3255874025890395, 1.3242132263499653, 1.316419757322894, 1.3117513854153218, 1.3091167784389914, 1.304487251754453, 1.3009431830228921, 1.3008008386284886, 1.2969341035878623, 1.295817905784684, 1.2913454999497713, 1.289798954979487, 1.2862779903480575, 1.2864657774438775, 1.2859921541268957, 1.2832880731274827, 1.283131696734717], "track_loss_val": [1.6737486168699236, 1.5684619647281657, 1.5262083890458693, 1.468739181842859, 1.4394293947934418, 1.408035174570441, 1.3930924065861992, 1.3791385518027315, 1.3642898852955712, 1.348215879555738, 1.3459533738128047, 1.3369883099619182, 1.3359877685305022, 1.3275571511870503, 1.321399766017793, 1.3214182613218897, 1.3202408078080983, 1.3173093335429256, 1.3038687757525045, 1.3149935962143824, 1.2991587308366979, 1.3035061376582648, 1.2966660525681992, 1.299190264957439, 1.283720285129822, 1.293157842729552, 1.2826536694589885, 1.279393421813459, 1.2925462386106552, 1.2745201388422283, 1.27454416964858, 1.274079670480074, 1.2693274941842907, 1.2688283820660726, 1.2659705667743077, 1.2646239181760408, 1.2654257679535263, 1.2658576663014525, 1.261482076617414, 1.2617490913407603], "min_votes": 0, "augmentation": true, "data_type": "eeg_spec", "num_parameters": 1092454, "num_trainable_parameters": 1092454, "configs": {"n_epochs": 40, "path_model_out": "C:/Users/Amy/Desktop/Green_Git/eegClassification/models/model_CustomCNN_eeg_small_10.pt", "learning_rate": [0.0002, 0.00063, 0.00106, 0.00149, 0.00192, 0.0019169032292681706, 0.0019076330008192066, 0.0018922494356418797, 0.001870852302059524, 0.0018435803686941772, 0.0018106105044988154, 0.0017721565316943242, 0.0017284678390503438, 0.0016798277645034016, 0.0016265517576016675, 0.0015689853336935855, 0.001507501833128254, 0.0014425, 0.0013744013961399168, 0.0013036476671256217, 0.0012306976780402125, 0.0011560245375561225, 0.0010801125296438334, 0.0010034539728044915, 0.0009265460271955086, 0.0008498874703561665, 0.000773975462443878, 0.000699302321959788, 0.0006263523328743787, 0.0005555986038600832, 0.0004874999999999998, 0.00042249816687174634, 0.0003610146663064148, 0.00030344824239833263, 0.0002501722354965987, 0.00020153216094965658, 0.00015784346830567615, 0.00011938949550118464, 8.641963130582286e-05, 5.9147697940476065e-05], "label_smoothing": 0}, "test_loss": 1.6697949320077896, "test_loss_baseline": 1.7917594909667969, "confusion_matrix": [[2666, 117, 224, 147, 304, 722], [492, 335, 153, 245, 229, 952], [695, 345, 1347, 102, 423, 1887], [608, 172, 162, 375, 802, 918], [591, 231, 109, 322, 1719, 798], [690, 233, 264, 237, 688, 1683]], "confusion_matrix_p": [[0.6377990430622009, 0.02799043062200957, 0.053588516746411484, 0.035167464114832535, 0.07272727272727272, 0.17272727272727273], [0.20448877805486285, 0.13923524522028263, 0.06359102244389027, 0.10182876142975894, 0.09517871986699916, 0.39567747298420614], [0.14482183788289227, 0.07188997707855803, 0.2806834757241092, 0.02125442800583455, 0.0881433632006668, 0.3932069181079392], [0.20019756338491934, 0.05663483701020744, 0.05334211392821864, 0.12347711557458017, 0.26407639117550213, 0.30227197892657226], [0.15676392572944298, 0.06127320954907162, 0.028912466843501326, 0.08541114058355438, 0.4559681697612732, 0.2116710875331565], [0.18181818181818182, 0.0613965744400527, 0.06956521739130435, 0.062450592885375494, 0.1812911725955204, 0.4434782608695652]]}