{"track_loss": [1.7093596974375036, 1.6012875148538577, 1.5642734497174586, 1.533821363112378, 1.5047964541950096, 1.4794825559868086, 1.4576488222782595, 1.447494967108707, 1.4308551210477303, 1.4228913216493124, 1.4108497936253124, 1.408058422844611, 1.3992272599139899, 1.3957473216132856, 1.3868109120866432, 1.3795579747893, 1.375636426625871, 1.3742794355118737, 1.36603888645259, 1.3632342956603796, 1.3638276708967865, 1.355907232451819, 1.3517638463908828, 1.3442006667817101, 1.3415630428557515, 1.3367051290759737, 1.3298791177180471, 1.3245205379564289, 1.3216377018796013, 1.3185461860039782, 1.3139292422622646, 1.30885403004214, 1.3040118019238691, 1.3016011215288166, 1.296766321588486, 1.2958076996792423, 1.2927465691381814, 1.2910629815012555, 1.2910617513917302, 1.2870616994306003], "track_loss_val": [1.6604711651802062, 1.5716798478906804, 1.5239995457909323, 1.4897151253440164, 1.4664366884665057, 1.4397821881554342, 1.4283663489601828, 1.4245872139930724, 1.4029293580488724, 1.3889958479187705, 1.3849185271696611, 1.3761880972168663, 1.3720128644596448, 1.369038631699302, 1.359593806483529, 1.359859020059759, 1.361105694554069, 1.3550028465010904, 1.3485721577297558, 1.3574989719824357, 1.3501460844820197, 1.33738539760763, 1.3359110355377197, 1.3291219527071172, 1.3311944777315312, 1.3229956540194425, 1.3220020901073108, 1.3146810802546414, 1.3123515475880017, 1.308522053198381, 1.3095728148113597, 1.3069279313087463, 1.3027742407538674, 1.3041367108171635, 1.2977161570028826, 1.2964061650362881, 1.2959088249640032, 1.2930287155238065, 1.2937662894075568, 1.2945241483775052], "min_votes": 5, "augmentation": false, "data_type": "eeg_spec", "num_parameters": 1092454, "num_trainable_parameters": 1092454, "configs": {"n_epochs": 40, "path_model_out": "C:/Users/Amy/Desktop/Green_Git/eegClassification/models/model_CustomCNN_eeg_small_13.pt", "learning_rate": [0.0002, 0.00063, 0.00106, 0.00149, 0.00192, 0.0019169032292681706, 0.0019076330008192066, 0.0018922494356418797, 0.001870852302059524, 0.0018435803686941772, 0.0018106105044988154, 0.0017721565316943242, 0.0017284678390503438, 0.0016798277645034016, 0.0016265517576016675, 0.0015689853336935855, 0.001507501833128254, 0.0014425, 0.0013744013961399168, 0.0013036476671256217, 0.0012306976780402125, 0.0011560245375561225, 0.0010801125296438334, 0.0010034539728044915, 0.0009265460271955086, 0.0008498874703561665, 0.000773975462443878, 0.000699302321959788, 0.0006263523328743787, 0.0005555986038600832, 0.0004874999999999998, 0.00042249816687174634, 0.0003610146663064148, 0.00030344824239833263, 0.0002501722354965987, 0.00020153216094965658, 0.00015784346830567615, 0.00011938949550118464, 8.641963130582286e-05, 5.9147697940476065e-05], "label_smoothing": 0.01}, "test_loss": 1.7468778130620024, "test_loss_baseline": 1.7917594909667969, "confusion_matrix": [[0, 558, 1036, 71, 88, 2427], [0, 515, 332, 224, 62, 1273], [0, 541, 2426, 111, 55, 1666], [0, 639, 300, 321, 298, 1479], [0, 628, 386, 204, 443, 2109], [0, 541, 377, 157, 127, 2593]], "confusion_matrix_p": [[0.0, 0.1334928229665072, 0.24784688995215312, 0.016985645933014354, 0.021052631578947368, 0.580622009569378], [0.0, 0.21404821280133002, 0.13798836242726517, 0.09310058187863675, 0.025768911055694097, 0.529093931837074], [0.0, 0.11273181912898521, 0.5055219837466138, 0.023129818712231714, 0.011460720983538238, 0.34715565742863097], [0.0, 0.21040500493908462, 0.09878169245966414, 0.10569641093184064, 0.09812314784326638, 0.48699374382614424], [0.0, 0.16657824933687002, 0.10238726790450928, 0.05411140583554377, 0.11750663129973475, 0.5594164456233421], [0.0, 0.14255599472990776, 0.09934123847167325, 0.04137022397891963, 0.033465085638998686, 0.6832674571805006]]}