{
    "track_loss": [
        1.2435240450230511,
        0.9462703708897937,
        0.7766561780463566,
        0.6663107776506381,
        0.5646146782419899,
        0.4600360115143386,
        0.3738482855599035,
        0.3189458767460151,
        0.2701044596393,
        0.23527600866827098,
        0.20506329978392882,
        0.18579035171053626,
        0.16608657567677174,
        0.15007670303298667,
        0.13755493067543614,
        0.12594948324628852,
        0.11847305288538337,
        0.10833203507248651,
        0.10255198453299023,
        0.0970139074393294
    ],
    "track_loss_val": [
        1.8869157346812162,
        1.5262310017238965,
        0.98388143398545,
        0.7490481834519993,
        0.5476726491342891,
        0.3826294661922888,
        0.3863890986550938,
        0.31403741321780465,
        0.27029581665992736,
        0.22438904588872735,
        0.22073693905364383,
        0.2140786421569911,
        0.1940258836881681,
        0.16834016198461707,
        0.1508866627107967,
        0.16136666204441677,
        0.14918269609863108,
        0.13986017548225144,
        0.13475930291143332,
        0.12671570659361103
    ],
    "min_votes": 5,
    "augmentation": false,
    "data_type": "spec",
    "num_parameters": 7404898,
    "num_trainable_parameters": 7404898,
    "configs": {
        "n_epochs": 20,
        "path_model_out": "C:/Users/Amy/Desktop/Green_Git/eegClassification/models/model_CustomCNN_2.pt",
        "learning_rate": [
            0.0002,
            0.00063,
            0.00106,
            0.00149,
            0.00192,
            0.0019069750447495998,
            0.001868255465824106,
            0.001804897432402197,
            0.001718629186473556,
            0.001611803900902583,
            0.0014873354910069179,
            0.001348619130543586,
            0.0011994386402194633,
            0.0010438632749260775,
            0.0008861367250739227,
            0.0007305613597805371,
            0.0005813808694564142,
            0.0004426645089930822,
            0.0003181960990974175,
            0.00021137081352644424
        ],
        "label_smoothing": 0
    },
    "test_loss": 1.7387449317819867,
    "confusion_matrix": [
        [
            1281,
            357,
            313,
            77,
            133,
            1966
        ],
        [
            26,
            915,
            202,
            27,
            69,
            1114
        ],
        [
            38,
            157,
            3408,
            12,
            225,
            937
        ],
        [
            47,
            639,
            33,
            188,
            173,
            1967
        ],
        [
            47,
            73,
            124,
            122,
            952,
            2368
        ],
        [
            88,
            225,
            170,
            42,
            156,
            3060
        ]
    ],
    "confusion_matrix_p": [
        [
            0.31039496001938455,
            0.0865035134480252,
            0.07584201599224619,
            0.018657620547613277,
            0.03222679912769566,
            0.47637509086503516
        ],
        [
            0.011049723756906077,
            0.3888652783680408,
            0.08584785380365491,
            0.011474713132171696,
            0.029324266893327667,
            0.47343816404589883
        ],
        [
            0.007954783336822273,
            0.032865815365292025,
            0.7134184634707976,
            0.0025120368432070338,
            0.04710069081013188,
            0.19614821017374923
        ],
        [
            0.015425008204791599,
            0.20971447325237938,
            0.010830324909747292,
            0.061700032819166396,
            0.05677715786019035,
            0.645553002953725
        ],
        [
            0.012750949538795442,
            0.0198046663049376,
            0.033640803038524146,
            0.033098209441128595,
            0.25827455236028213,
            0.6424308193163321
        ],
        [
            0.023523122159850307,
            0.060144346431435444,
            0.045442395081529,
            0.011226944667201283,
            0.04170008019246191,
            0.8179631114675221
        ]
    ]
}