{
    "track_loss": [
        0.9584849995563628,
        0.8057173621070488,
        0.6898816341067253,
        0.6115922168412539,
        0.5584057670634144,
        0.5125578747530836,
        0.4796822719726851,
        0.455289268442121,
        0.43834185290018834,
        0.42327519908805056,
        0.4087629197138531,
        0.3988291189418059,
        0.39034244248520056,
        0.38293687842507185,
        0.3716087733161896,
        0.3667802991995035,
        0.35951724222268083,
        0.35092785225520906,
        0.347695324956426,
        0.3425696721724543,
        0.337012382669734,
        0.3321347201312825,
        0.3282754873314749,
        0.3225467524756959,
        0.3185948590595028,
        0.3144108787694307,
        0.3104905115295556,
        0.3071993022126492,
        0.30523078029798156,
        0.30192043306976984,
        0.2969772215148901,
        0.29532284012617227,
        0.2925772296763978,
        0.2898388359405809,
        0.28821296740849356,
        0.28501626932913016,
        0.28510362562597313,
        0.28364167348495134,
        0.28208837001678405,
        0.28059613190441035
    ],
    "track_loss_val": [
        1.0052851825007787,
        0.8309623937441911,
        0.6648730515403088,
        0.6407551895988091,
        0.5710980013571143,
        0.5363024674162741,
        0.4761489336016542,
        0.519726191456792,
        0.46263517143059874,
        0.45904775303104084,
        0.47662571347412525,
        0.4509551151513366,
        0.5166550433257815,
        0.47783103696894574,
        0.47007817571032634,
        0.40056099319664135,
        0.38904023952030653,
        0.407602771128976,
        0.4088950341819686,
        0.4019949465388867,
        0.42830218121366476,
        0.3854205639286756,
        0.39847862076347085,
        0.36085453045471255,
        0.4155126967244602,
        0.3735564925656882,
        0.38620748196967397,
        0.3778469410083479,
        0.36157719387272935,
        0.36097760966600534,
        0.37651815198855715,
        0.359005911291848,
        0.37841277026305625,
        0.37499462523274874,
        0.34937070572067064,
        0.3809315742178678,
        0.3632269175320606,
        0.36331830102875184,
        0.3680432889750093,
        0.3511453645373627
    ],
    "min_votes": 0,
    "augmentation": true,
    "data_type": "eeg_spec",
    "num_parameters": 1092454,
    "num_trainable_parameters": 1092454,
    "configs": {
        "n_epochs": 40,
        "path_model_out": "C:/Users/Amy/Desktop/Green_Git/eegClassification/models/model_CustomCNN_eeg_small_3.pt",
        "learning_rate": [
            0.0002,
            0.00063,
            0.00106,
            0.00149,
            0.00192,
            0.0019169032292681706,
            0.0019076330008192066,
            0.0018922494356418797,
            0.001870852302059524,
            0.0018435803686941772,
            0.0018106105044988154,
            0.0017721565316943242,
            0.0017284678390503438,
            0.0016798277645034016,
            0.0016265517576016675,
            0.0015689853336935855,
            0.001507501833128254,
            0.0014425,
            0.0013744013961399168,
            0.0013036476671256217,
            0.0012306976780402125,
            0.0011560245375561225,
            0.0010801125296438334,
            0.0010034539728044915,
            0.0009265460271955086,
            0.0008498874703561665,
            0.000773975462443878,
            0.000699302321959788,
            0.0006263523328743787,
            0.0005555986038600832,
            0.0004874999999999998,
            0.00042249816687174634,
            0.0003610146663064148,
            0.00030344824239833263,
            0.0002501722354965987,
            0.00020153216094965658,
            0.00015784346830567615,
            0.00011938949550118464,
            8.641963130582286e-05,
            5.9147697940476065e-05
        ],
        "label_smoothing": 0.01
    },
    "test_loss": 1.006788557265387,
    "test_loss_baseline": 1.0842595902639767,
    "confusion_matrix": [
        [
            3001,
            145,
            160,
            24,
            184,
            666
        ],
        [
            715,
            511,
            188,
            62,
            140,
            790
        ],
        [
            1819,
            290,
            1394,
            16,
            304,
            976
        ],
        [
            934,
            188,
            61,
            201,
            540,
            1113
        ],
        [
            988,
            313,
            114,
            205,
            1096,
            1054
        ],
        [
            1099,
            310,
            161,
            121,
            402,
            1702
        ]
    ],
    "confusion_matrix_p": [
        [
            0.7179425837320574,
            0.034688995215311005,
            0.03827751196172249,
            0.005741626794258373,
            0.04401913875598086,
            0.15933014354066985
        ],
        [
            0.2971737323358271,
            0.21238570241064006,
            0.07813798836242726,
            0.025768911055694097,
            0.058187863674147966,
            0.3283458021612635
        ],
        [
            0.3790372994373828,
            0.0604292560950198,
            0.2904771827464055,
            0.003334027922483851,
            0.06334653052719316,
            0.2033757032715149
        ],
        [
            0.30754033585775437,
            0.06190319394138953,
            0.020085610800131708,
            0.06618373394797497,
            0.17780704642739545,
            0.36648007902535396
        ],
        [
            0.2620689655172414,
            0.0830238726790451,
            0.030238726790450927,
            0.054376657824933686,
            0.2907161803713528,
            0.27957559681697614
        ],
        [
            0.2895915678524374,
            0.08168642951251646,
            0.04242424242424243,
            0.03188405797101449,
            0.10592885375494071,
            0.4484848484848485
        ]
    ]
}