{
    "track_loss": [
        0.8706048883347415,
        0.714118515444592,
        0.6107424129154909,
        0.5448799101093661,
        0.500135559577935,
        0.45869271465783845,
        0.4329166248526628,
        0.41225974099651536,
        0.39487878103292295,
        0.38169215634594045,
        0.3690696365229506,
        0.3592599867078172,
        0.3492970191994387,
        0.342595902628531,
        0.33666337007705005,
        0.3272889307794035,
        0.32208456936418495,
        0.315374483378545,
        0.3102130704916348,
        0.3054605595960741,
        0.298453531590336,
        0.29573869174856277,
        0.29067828457920625,
        0.28445994860414814,
        0.28085912893974474,
        0.2767269938260918,
        0.27251706415148563,
        0.26943687318424325,
        0.2658479255047071,
        0.26350128469231837,
        0.2590028998637921,
        0.25767463433854176,
        0.2548694537485539,
        0.25309318155909133,
        0.24893546544595135,
        0.2466113183765487,
        0.24604849243584903,
        0.24452613279094615,
        0.2451268257278015,
        0.2449268383599324
    ],
    "track_loss_val": [
        0.7585343096716604,
        0.6186174438563136,
        0.5186739507257423,
        0.46897239884313313,
        0.4192967365042277,
        0.39626463818275276,
        0.35115233871022977,
        0.3522409579853503,
        0.3260598094215998,
        0.3130111243436247,
        0.3084938800128805,
        0.30828276066168586,
        0.2941901974100888,
        0.2975036467530198,
        0.2753046523854781,
        0.2682521283970099,
        0.26659682453193995,
        0.262497134485231,
        0.2526645658253249,
        0.2583952600657081,
        0.2511224011093464,
        0.2464711761440255,
        0.24949660094224066,
        0.24720710520270234,
        0.23666247429181245,
        0.24037034423103937,
        0.23949459633153866,
        0.22786501788612057,
        0.22498346229623306,
        0.22491524128044715,
        0.22594913464544142,
        0.22452995906817466,
        0.22265272409325032,
        0.22585811704311315,
        0.2241005525207657,
        0.21825744563804925,
        0.22274465807404917,
        0.21805685904596311,
        0.21849308111396235,
        0.21806976856175347
    ],
    "min_votes": 0,
    "augmentation": true,
    "data_type": "eeg_spec",
    "num_parameters": 1092898,
    "num_trainable_parameters": 1092898,
    "configs": {
        "n_epochs": 40,
        "path_model_out": "C:/Users/Amy/Desktop/Green_Git/eegClassification/models/model_CustomCNN_eeg_3.pt",
        "learning_rate": [
            0.0002,
            0.00063,
            0.00106,
            0.00149,
            0.00192,
            0.0019169032292681706,
            0.0019076330008192066,
            0.0018922494356418797,
            0.001870852302059524,
            0.0018435803686941772,
            0.0018106105044988154,
            0.0017721565316943242,
            0.0017284678390503438,
            0.0016798277645034016,
            0.0016265517576016675,
            0.0015689853336935855,
            0.001507501833128254,
            0.0014425,
            0.0013744013961399168,
            0.0013036476671256217,
            0.0012306976780402125,
            0.0011560245375561225,
            0.0010801125296438334,
            0.0010034539728044915,
            0.0009265460271955086,
            0.0008498874703561665,
            0.000773975462443878,
            0.000699302321959788,
            0.0006263523328743787,
            0.0005555986038600832,
            0.0004874999999999998,
            0.00042249816687174634,
            0.0003610146663064148,
            0.00030344824239833263,
            0.0002501722354965987,
            0.00020153216094965658,
            0.00015784346830567615,
            0.00011938949550118464,
            8.641963130582286e-05,
            5.9147697940476065e-05
        ],
        "label_smoothing": 0.01
    },
    "test_loss": 1.0149418953372988,
    "confusion_matrix": [
        [
            2625,
            260,
            285,
            111,
            233,
            666
        ],
        [
            384,
            360,
            339,
            75,
            252,
            996
        ],
        [
            1615,
            249,
            1626,
            90,
            433,
            786
        ],
        [
            524,
            230,
            155,
            227,
            932,
            969
        ],
        [
            594,
            259,
            164,
            159,
            1632,
            962
        ],
        [
            769,
            296,
            195,
            147,
            539,
            1849
        ]
    ],
    "confusion_matrix_p": [
        [
            0.6279904306220095,
            0.06220095693779904,
            0.06818181818181818,
            0.026555023923444977,
            0.05574162679425837,
            0.15933014354066985
        ],
        [
            0.1596009975062344,
            0.14962593516209477,
            0.14089775561097256,
            0.03117206982543641,
            0.10473815461346633,
            0.4139650872817955
        ],
        [
            0.3365284434257137,
            0.051885809543654925,
            0.33882058762242134,
            0.01875390706397166,
            0.09022713065221921,
            0.16378412169201917
        ],
        [
            0.17253868949621337,
            0.0757326308857425,
            0.05103720777082647,
            0.07474481396114586,
            0.3068817912413566,
            0.3190648666447152
        ],
        [
            0.15755968169761272,
            0.06870026525198938,
            0.04350132625994695,
            0.04217506631299735,
            0.43289124668435014,
            0.25517241379310346
        ],
        [
            0.202635046113307,
            0.07799736495388669,
            0.05138339920948617,
            0.03873517786561265,
            0.14202898550724638,
            0.48722002635046113
        ]
    ]
}