{"track_loss": [1.7233140297345262, 1.6246777706181825, 1.5586078057983028, 1.5233526307700285, 1.496784553821407, 1.468993822585291, 1.4431141174551267, 1.4238036314942943, 1.4097974682921794, 1.3946720566322555, 1.3887809010139152, 1.374282710365395, 1.3726156981133704, 1.3591869602452462, 1.3577709026745897, 1.3505813601746488, 1.3399611271139402, 1.3376247985149496, 1.3313841710784542, 1.3236164726428132, 1.3210637037878605, 1.312130543055819, 1.3014976079784222, 1.2976015984122433, 1.2920700271627796, 1.2877258006761323, 1.283699958182093, 1.2808777518681627, 1.276078306694529, 1.2747376941478075, 1.2719305106508199, 1.2689568836297562, 1.265905362901403, 1.2640705631295246, 1.2626771975809068, 1.259537447744341, 1.2597871311564943, 1.2581480879392197, 1.2557386026453616, 1.2565388038976868], "track_loss_val": [1.6947134368455232, 1.5813853607248904, 1.545797082915235, 1.4884121062150641, 1.4928390721776592, 1.4403930564424885, 1.4060121774673462, 1.400866917709806, 1.405877621316198, 1.3856451902816544, 1.3651295259817322, 1.3734872483495455, 1.3485356782799336, 1.331359820579415, 1.3296124792810697, 1.3198420690066779, 1.3354730961927728, 1.328819180602458, 1.313381606073522, 1.311451541843699, 1.3041244905386398, 1.286869013487403, 1.2825569136818844, 1.2766687905610496, 1.275619152766555, 1.2960596084594727, 1.2749617437818157, 1.2779249344299088, 1.2754246245569258, 1.2672232487308446, 1.2646270011787983, 1.2674305963872083, 1.2614295607182517, 1.2645568340571958, 1.2704004903337849, 1.2591108403988738, 1.2682761087346432, 1.2623806097614232, 1.262042238641141, 1.2620704716710902], "min_votes": 5, "augmentation": true, "data_type": "eeg_spec", "num_parameters": 1092454, "num_trainable_parameters": 1092454, "configs": {"n_epochs": 40, "path_model_out": "C:/Users/Amy/Desktop/Green_Git/eegClassification/models/model_CustomCNN_eeg_small_15.pt", "learning_rate": [0.0002, 0.00063, 0.00106, 0.00149, 0.00192, 0.0019169032292681706, 0.0019076330008192066, 0.0018922494356418797, 0.001870852302059524, 0.0018435803686941772, 0.0018106105044988154, 0.0017721565316943242, 0.0017284678390503438, 0.0016798277645034016, 0.0016265517576016675, 0.0015689853336935855, 0.001507501833128254, 0.0014425, 0.0013744013961399168, 0.0013036476671256217, 0.0012306976780402125, 0.0011560245375561225, 0.0010801125296438334, 0.0010034539728044915, 0.0009265460271955086, 0.0008498874703561665, 0.000773975462443878, 0.000699302321959788, 0.0006263523328743787, 0.0005555986038600832, 0.0004874999999999998, 0.00042249816687174634, 0.0003610146663064148, 0.00030344824239833263, 0.0002501722354965987, 0.00020153216094965658, 0.00015784346830567615, 0.00011938949550118464, 8.641963130582286e-05, 5.9147697940476065e-05], "label_smoothing": 0.01}, "test_loss": 1.6688972770474677, "test_loss_baseline": 1.7917594909667969, "confusion_matrix": [[935, 466, 1090, 122, 61, 1506], [58, 456, 585, 112, 44, 1151], [34, 423, 3441, 75, 52, 774], [10, 722, 338, 289, 355, 1323], [64, 393, 538, 350, 264, 2161], [112, 429, 409, 129, 64, 2652]], "confusion_matrix_p": [[0.2236842105263158, 0.11148325358851674, 0.2607655502392344, 0.029186602870813396, 0.014593301435406698, 0.36028708133971293], [0.024106400665004156, 0.18952618453865336, 0.243142144638404, 0.046550290939318374, 0.01828761429758936, 0.47838736492103073], [0.007084809335278183, 0.0881433632006668, 0.7170243800791831, 0.01562825588664305, 0.010835590748072515, 0.16128360075015627], [0.0032927230819888046, 0.2377346065195917, 0.1112940401712216, 0.09515969706947645, 0.11689166941060257, 0.43562726374711885], [0.016976127320954906, 0.10424403183023873, 0.1427055702917772, 0.09283819628647215, 0.070026525198939, 0.573209549071618], [0.029512516469038207, 0.11304347826086956, 0.1077733860342556, 0.03399209486166008, 0.01686429512516469, 0.6988142292490118]]}