{"track_loss": [1.6807447468341257, 1.592179836302738, 1.5295940590351391, 1.4866680447065865, 1.4640664102708227, 1.4395148940491744, 1.4244700934770127, 1.4125846353834575, 1.3995177715759113, 1.386948940046239, 1.3863461636844217, 1.3759248612249964, 1.369662452328102, 1.367819380519713, 1.3596867407089694, 1.3554559150759014, 1.3552854161612926, 1.3497380922610203, 1.3461746520199074, 1.3426331075536415, 1.3419186870543345, 1.336926411740718, 1.3338850788149434, 1.327772528362549, 1.3248829114162268, 1.31895629447544, 1.3186081312060012, 1.3131113930119562, 1.3110020580655903, 1.3086139017807303, 1.3063740480358388, 1.3017594998954696, 1.3005746106592997, 1.2986131114643658, 1.2967336599524495, 1.2965837362348518, 1.292181991362778, 1.290913609589211, 1.2907425695090884, 1.2898052516004195], "track_loss_val": [1.6226109108251523, 1.5260780029406809, 1.4637729942970386, 1.4227074711054821, 1.4140622681087307, 1.393607328535844, 1.3974797509245638, 1.3837642906722143, 1.3735450671110785, 1.3508623680395078, 1.3463233520386886, 1.3525241829819914, 1.3630582348414044, 1.3468092762427646, 1.332317790998849, 1.3186763803278678, 1.321137896532284, 1.3421649733606609, 1.3201604250185084, 1.3241712548890787, 1.3136564355762272, 1.3104660854559467, 1.304421754666639, 1.3121707837932048, 1.2947485336996294, 1.3011089724834783, 1.302699488933904, 1.2981856353688308, 1.2895167207168228, 1.2870837886326594, 1.288877760299001, 1.2816405904396122, 1.280504570570734, 1.2812391117601643, 1.2798775348608362, 1.277322909673971, 1.2727038623276636, 1.270981981706207, 1.2740859085269896, 1.272473473370247], "min_votes": 0, "augmentation": true, "data_type": "eeg_spec", "num_parameters": 1092454, "num_trainable_parameters": 1092454, "configs": {"n_epochs": 40, "path_model_out": "C:/Users/Amy/Desktop/Green_Git/eegClassification/models/model_CustomCNN_eeg_small_11.pt", "learning_rate": [0.0002, 0.00063, 0.00106, 0.00149, 0.00192, 0.0019169032292681706, 0.0019076330008192066, 0.0018922494356418797, 0.001870852302059524, 0.0018435803686941772, 0.0018106105044988154, 0.0017721565316943242, 0.0017284678390503438, 0.0016798277645034016, 0.0016265517576016675, 0.0015689853336935855, 0.001507501833128254, 0.0014425, 0.0013744013961399168, 0.0013036476671256217, 0.0012306976780402125, 0.0011560245375561225, 0.0010801125296438334, 0.0010034539728044915, 0.0009265460271955086, 0.0008498874703561665, 0.000773975462443878, 0.000699302321959788, 0.0006263523328743787, 0.0005555986038600832, 0.0004874999999999998, 0.00042249816687174634, 0.0003610146663064148, 0.00030344824239833263, 0.0002501722354965987, 0.00020153216094965658, 0.00015784346830567615, 0.00011938949550118464, 8.641963130582286e-05, 5.9147697940476065e-05], "label_smoothing": 0.01}, "test_loss": 1.6506012116753779, "test_loss_baseline": 1.7917594909667969, "confusion_matrix": [[2620, 117, 315, 165, 298, 665], [479, 327, 306, 175, 460, 659], [1368, 224, 1859, 143, 445, 760], [547, 216, 174, 349, 831, 920], [572, 91, 323, 305, 1598, 881], [697, 237, 243, 218, 617, 1783]], "confusion_matrix_p": [[0.6267942583732058, 0.02799043062200957, 0.07535885167464115, 0.039473684210526314, 0.07129186602870813, 0.1590909090909091], [0.19908561928512053, 0.13591022443890274, 0.12718204488778054, 0.07273482959268496, 0.19118869492934332, 0.2738985868661679], [0.28505938737236924, 0.046676390914773914, 0.3873723692435924, 0.029797874557199417, 0.0927276515940821, 0.15836632631798292], [0.18011195258478763, 0.07112281857095819, 0.0572933816266052, 0.11491603556140928, 0.2736252881132697, 0.30293052354297], [0.15172413793103448, 0.02413793103448276, 0.0856763925729443, 0.08090185676392574, 0.42387267904509285, 0.2336870026525199], [0.1836627140974967, 0.062450592885375494, 0.06403162055335969, 0.057444005270092226, 0.16258234519104084, 0.46982872200263504]]}