{
    "track_loss": [
        1.284550688382405,
        1.0285015182931032,
        0.8476439999110663,
        0.7276607577814095,
        0.6589246155944333,
        0.5858151070884804,
        0.5335094586237153,
        0.4978090609743524,
        0.4682096028839474,
        0.44490236043930054,
        0.42043455206413766,
        0.3979445300551493,
        0.379808168663685,
        0.3637525839592094,
        0.3506775332142168,
        0.3384480659863842,
        0.331688749145216,
        0.31670916628148127,
        0.30439788736959,
        0.2988451865237595,
        0.29016511228435965,
        0.28540603457880553,
        0.2792660926482571,
        0.2660558977400634,
        0.26097649291380126,
        0.25431536227019863,
        0.24656211447193108,
        0.24105012332047546,
        0.23790580923877544,
        0.2311601601402039,
        0.22934253127383653,
        0.2240864114780257,
        0.21772008856285863,
        0.21642660595643431,
        0.21409737663482553,
        0.21310943384557518,
        0.208311013307478,
        0.20675470912134025,
        0.20600928634460738,
        0.20484458828873153
    ],
    "track_loss_val": [
        1.2193617278070592,
        0.9058943159544646,
        0.7444145501549564,
        0.657634690848749,
        0.5900946381821561,
        0.5225173975549527,
        0.45885713843267356,
        0.4200436192661969,
        0.40596431538240235,
        0.41793360416568925,
        0.3623716327459065,
        0.34956215922512224,
        0.3520846718282842,
        0.3217938236558615,
        0.3123170440988754,
        0.30852234118909977,
        0.28935998222276343,
        0.2945565223249037,
        0.2700822431204924,
        0.28139436901060505,
        0.2782689128349076,
        0.26654756636317095,
        0.25855778246673183,
        0.2458093125206321,
        0.24603346857561995,
        0.2406161838947837,
        0.2323860156891951,
        0.24852785390259616,
        0.24675292477234087,
        0.23397887487020066,
        0.22235952217632265,
        0.23527845584634524,
        0.23766812203980203,
        0.22962870359865586,
        0.21088445948353454,
        0.21770948038172366,
        0.2215542764361225,
        0.21294345400893866,
        0.21472737087465044,
        0.220165057636019
    ],
    "min_votes": 5,
    "augmentation": true,
    "data_type": "eeg_spec",
    "num_parameters": 1092454,
    "num_trainable_parameters": 1092454,
    "configs": {
        "n_epochs": 40,
        "path_model_out": "C:/Users/Amy/Desktop/Green_Git/eegClassification/models/model_CustomCNN_eeg_small_6.pt",
        "learning_rate": [
            0.0002,
            0.00063,
            0.00106,
            0.00149,
            0.00192,
            0.0019169032292681706,
            0.0019076330008192066,
            0.0018922494356418797,
            0.001870852302059524,
            0.0018435803686941772,
            0.0018106105044988154,
            0.0017721565316943242,
            0.0017284678390503438,
            0.0016798277645034016,
            0.0016265517576016675,
            0.0015689853336935855,
            0.001507501833128254,
            0.0014425,
            0.0013744013961399168,
            0.0013036476671256217,
            0.0012306976780402125,
            0.0011560245375561225,
            0.0010801125296438334,
            0.0010034539728044915,
            0.0009265460271955086,
            0.0008498874703561665,
            0.000773975462443878,
            0.000699302321959788,
            0.0006263523328743787,
            0.0005555986038600832,
            0.0004874999999999998,
            0.00042249816687174634,
            0.0003610146663064148,
            0.00030344824239833263,
            0.0002501722354965987,
            0.00020153216094965658,
            0.00015784346830567615,
            0.00011938949550118464,
            8.641963130582286e-05,
            5.9147697940476065e-05
        ],
        "label_smoothing": 0
    },
    "test_loss": 1.6934407433971417,
    "test_loss_baseline": 1.0842595902639767,
    "confusion_matrix": [
        [
            923,
            508,
            631,
            45,
            67,
            2006
        ],
        [
            28,
            529,
            322,
            23,
            32,
            1472
        ],
        [
            208,
            443,
            1955,
            20,
            44,
            2129
        ],
        [
            25,
            466,
            139,
            154,
            139,
            2114
        ],
        [
            43,
            441,
            223,
            155,
            352,
            2556
        ],
        [
            59,
            502,
            172,
            34,
            106,
            2922
        ]
    ],
    "confusion_matrix_p": [
        [
            0.2208133971291866,
            0.1215311004784689,
            0.15095693779904307,
            0.01076555023923445,
            0.01602870813397129,
            0.47990430622009567
        ],
        [
            0.011637572734829594,
            0.2198669991687448,
            0.13383208645054032,
            0.009559434746467166,
            0.013300083125519535,
            0.6118038237738986
        ],
        [
            0.04334236299229006,
            0.09231089810377162,
            0.4073765367784955,
            0.004167534903104814,
            0.00916857678683059,
            0.4436340904355074
        ],
        [
            0.008231807704972012,
            0.1534408956206783,
            0.04576885083964439,
            0.05070793546262759,
            0.04576885083964439,
            0.6960816595324333
        ],
        [
            0.011405835543766578,
            0.1169761273209549,
            0.059151193633952256,
            0.04111405835543767,
            0.09336870026525199,
            0.6779840848806366
        ],
        [
            0.015546772068511199,
            0.13227931488801054,
            0.0453227931488801,
            0.008959156785243741,
            0.02793148880105402,
            0.7699604743083004
        ]
    ]
}