{
    "track_loss": [
        0.8392490040862335,
        0.6797109045228868,
        0.5895646044105853,
        0.5279633458492891,
        0.4812752305899026,
        0.43369264911930516,
        0.3990949301787142,
        0.36860242338394217,
        0.342199675668523,
        0.3234228268828032,
        0.301026828783863,
        0.28502357458730915,
        0.2723899242310029,
        0.259315613615063,
        0.24685278600960409,
        0.23989847376942636,
        0.2300081561618256,
        0.22034890092206452,
        0.21581816332379603,
        0.21186835331455717
    ],
    "track_loss_val": [
        0.8297756647163967,
        0.7121484619266581,
        0.565563784567815,
        0.48779523069003844,
        0.4230286814131827,
        0.398397297229407,
        0.3725306562095318,
        0.3252645288998226,
        0.30483676498790957,
        0.29690782382803144,
        0.271316895676109,
        0.2672133964187694,
        0.2557646519170617,
        0.2425474779785804,
        0.2386531040915903,
        0.24821688903952543,
        0.23714981911317357,
        0.23146297543678643,
        0.22553409754105333,
        0.2305782232082115
    ],
    "min_votes": 0,
    "augmentation": false,
    "data_type": "spec",
    "num_parameters": 7404898,
    "num_trainable_parameters": 7404898,
    "configs": {
        "n_epochs": 20,
        "path_model_out": "C:/Users/Amy/Desktop/Green_Git/eegClassification/models/model_CustomCNN_1.pt",
        "learning_rate": [
            0.0002,
            0.00063,
            0.00106,
            0.00149,
            0.00192,
            0.0019069750447495998,
            0.001868255465824106,
            0.001804897432402197,
            0.001718629186473556,
            0.001611803900902583,
            0.0014873354910069179,
            0.001348619130543586,
            0.0011994386402194633,
            0.0010438632749260775,
            0.0008861367250739227,
            0.0007305613597805371,
            0.0005813808694564142,
            0.0004426645089930822,
            0.0003181960990974175,
            0.00021137081352644424
        ],
        "label_smoothing": 0.01
    },
    "test_loss": 0.8282133600208909,
    "confusion_matrix": [
        [
            2899,
            180,
            151,
            83,
            134,
            680
        ],
        [
            167,
            906,
            149,
            165,
            150,
            816
        ],
        [
            608,
            155,
            3103,
            35,
            203,
            673
        ],
        [
            420,
            322,
            38,
            543,
            297,
            1427
        ],
        [
            389,
            124,
            303,
            99,
            1748,
            1023
        ],
        [
            720,
            202,
            156,
            134,
            305,
            2224
        ]
    ],
    "confusion_matrix_p": [
        [
            0.702447298279622,
            0.04361521686455052,
            0.03658832081415071,
            0.02011146110976496,
            0.032469105888054274,
            0.16476859704385752
        ],
        [
            0.07097322566935826,
            0.3850403739906502,
            0.06332341691457713,
            0.07012324691882703,
            0.06374840628984275,
            0.3467913302167446
        ],
        [
            0.12727653338915637,
            0.03244714255809085,
            0.6495708603726188,
            0.007326774126020515,
            0.042495289930918986,
            0.14088339962319446
        ],
        [
            0.13784049885132918,
            0.10567771578601903,
            0.012471283229405973,
            0.17820807351493273,
            0.09747292418772563,
            0.46832950443058746
        ],
        [
            0.10553445469343462,
            0.033640803038524146,
            0.08220293000542593,
            0.02685838307107976,
            0.4742268041237113,
            0.27753662506782417
        ],
        [
            0.19246190858059342,
            0.05399625768511093,
            0.04170008019246191,
            0.03581929965249933,
            0.08152900294039027,
            0.5944934509489441
        ]
    ]
}